# Рассчёт PageRank
Генерирует случайный граф связей между объектами и рассчитывает SimRank 
итерационным методом.  
Использование:  
SimRank [-n <количество_узлов>] [-p <вероятность_ребра>] [-v]  
Параметр -n - это количество узлов в графе.  
Параметр -p - это вероятность того, что между двумя узлами появляется ребро.  
Параметр -v - если нужно напечатать матрицы на экран.  
Все параметры необязательные.  
Параметры по умолчанию:  
SimRank -n 8 -p 0.3  
# Примеры и результаты
```bash
$ ./SimRank -v
    Устанавливаем количество потоков для omp и openblas.
    Количество используемых ядер: 4
    
    Исходный граф ссылок: 
    
    0 1 0 0 1 0 0 0 
    1 1 1 1 0 0 0 0 
    0 0 0 0 0 1 0 1 
    0 0 0 0 0 1 0 0 
    1 0 0 0 0 0 1 0 
    1 0 1 0 0 0 0 0 
    0 0 0 0 0 1 0 1 
    0 1 0 0 1 0 1 0 
    
    Численное решение (метод простых итераций).
    Подготовка матрицы для метода простых итераций заняла 31.28 ms.
    Матрица для метода простых итераций: 
    
    0 0.5 0 0 0.5 0 0 0 
    0.333333 0 0.5 1 0 0 0 0 
    0 0 0 0 0 0.333333 0 0.5 
    0 0 0 0 0 0.333333 0 0 
    0.333333 0 0 0 0 0 0.5 0 
    0.333333 0 0.5 0 0 0 0 0 
    0 0 0 0 0 0.333333 0 0.5 
    0 0.5 0 0 0.5 0 0.5 0 
    
    Решение методом простых итераций заняло 272.28 ms.
    Результат метода простых итераций: 
    
    1 0.192351 0.42484 0.456281 0.192351 0.168326 0.346756 0.183583 
    0.192351 1 0.205425 0.166204 0.473433 0.237625 0.319818 0.223162 
    0.42484 0.205425 1 0.495049 0.205425 0.160296 0.275501 0.170327 
    0.456281 0.166204 0.495049 1 0.166204 0.184385 0.278637 0.210096 
    0.192351 0.473433 0.205425 0.166204 1 0.237625 0.319818 0.223162 
    0.168326 0.237625 0.160296 0.184385 0.237625 1 0.166101 0.443291 
    0.346756 0.319818 0.275501 0.278637 0.319818 0.166101 1 0.173891 
    0.183583 0.223162 0.170327 0.210096 0.223162 0.443291 0.173891 1 
```
```bash
$ ./SimRank -n 512 -p 0.4
    Устанавливаем количество потоков для omp и openblas.
    Количество используемых ядер: 4
    
    Численное решение (метод простых итераций).
    Подготовка матрицы для метода простых итераций заняла 27.07 ms.
    Решение методом простых итераций заняло 932.33 ms.
```
# ToDo
Реализован один из наиболее ресурсозатратных способов расчёта SimRank.  
Стоит поизучать и попробовать более эффективные реализации.  